522
1292
1475
1499
1547
1640
1666
1692
1931
2247
2350
2611
3093
3391
3479
3497
3502
3574
3834
4297
4311
4552
4715
5054
5158
5301
5364
5529
5806
6379
6511
6643
7245
7513
7562
7599
7978
8159
8770
8928
9094
9242
9683
9884
10085
10138
10626
10743
10800
11397
11791
12048
12184
12186
12191
12247
12638
12653
12961
13192
13993
14810
14954
15510
15527
15578
16537
17054
17096
17187
17747
17960
18387
18451
19207
19394
19921
20277
20606
20723
20889
21109
21547
21850
21932
22336
22491
22627
22826
23844
23884
23889
24003
24205
24275
24323
24681
25110
25191
26380
26381
26394
26664
27253
27321
27384
27887
28767
29301
29550
30057
30114
30579
30860
30905
31039
31246
31540
31592
31895
32209
32916
32970
33212
33719
36795
37284
37826
38041
38558
39417
39767
40526
40687
40693
40952
41704
42030
42202
42214
42282
42446
42527
42723
43177
43569
43587
43674
43686
43790
44291
45406
45982
46076
46471
47007
47087
47202
48235
48331
48455
48711
48780
49067
49699
49813
50473
50583
50786
50887
50921
52409
52521
53524
53666
53721
53733
54158
54195
54232
54906
55174
55664
55848
55994
56508
56528
56572
57050
57087
57172
57274
57291
57370
57428
57443
57467
57820
57931
58263
58451
58952
59610
59625
60081
60202
60644
60788
61020
61028
61177
61595
62534
63584
64295
64408
64426
64457
64459
64792
64924
65117
65721
65808
66047
66192
66903
67275
67851
68162
70123
70170
70623
70890
71395
71681
72339
72607
72845
73136
73146
73261
73408
74500
74793
74948
74961
74995
75049
75458
76311
76351
77517
77578
77655
77740
77783
78159
78169
78459
78521
79219
79242
79248
79346
79431
80076
80250
80337
80680
80687
80838
81022
82651
83043
83389
83547
83949
83983
84056
84069
84171
84607
84787
84856
85294
85523
85647
85911
86162
86375
86796
87330
87601
88268
88348
88414
89047
89844
90004
90344
90485
90593
91085
91852
92895
93281
93746
94075
94112
94256
94576
94645
94931
94951
95124
95262
95467
95740
96078
96507
96901
97233
97336
97546
97657
97769
97938
98505
98714
98767
99115
99711
99825
99894
100970
101806
101948
101966
103527
104202
104780
104903
105854
106006
106353
106440
106824
107251
107985
108296
108375
108859
109378
109388
109577
110813
110852
111143
112441
113020
113044
113137
113238
113357
113368
113421
113834
114189
114322
114840
114855
115100
115218
115697
116076
116084
116454
116616
116727
116906
118319
