GC_NGC_104:    NGC, 104, 6.0217, -72.0808, 4.300e+03, 4.628e-01, 3.490e+00,  0.88,  0.53
GC_NGC_288:    NGC, 288, 13.1979, -26.5900, 8.100e+03, 3.346e+00, 5.231e+00,  0.65,  0.45
GC_NGC_362:    NGC, 362, 15.8096, -70.8483, 8.300e+03, 4.104e-01, 1.956e+00,  0.77,  0.49
GC_NGC_1261:   NGC, 1261, 48.0637, -55.2169, 1.600e+04, 1.815e+00, 3.491e+00,  0.72,  0.45
GC_PAL_1:      Pal, 1, 53.3458, 79.5806, 9.700e+03, 9.029e-01, 1.354e+00,  0.96,  0.00
GC_AM_1:       AM, 1, 58.7612, -49.6144, 1.191e+05, 4.157e+00, 1.732e+01,  0.72,  0.00
GC_ERIDANUS:   *, *, 66.1854, -21.1869, 8.080e+04, 5.876e+00, 9.402e+00,  0.79,  0.00
GC_PAL_2:      Pal, 2, 71.5246, 31.3808, 2.690e+04, 1.878e+00, 5.243e+00,  2.08,  0.00
GC_NGC_1851:   NGC, 1851, 78.5263, -40.0472, 1.220e+04, 2.839e-01, 1.845e+00,  0.76,  0.49
GC_NGC_1904:   NGC, 1904, 81.0442, -24.5242, 1.260e+04, 5.864e-01, 2.932e+00,  0.65,  0.44
GC_NGC_2298:   NGC, 2298, 102.2467, -36.0053, 1.060e+04, 1.048e+00, 2.405e+00,  0.75,  0.54
GC_NGC_2419:   NGC, 2419, 114.5354, 38.8819, 8.230e+04, 8.379e+00, 1.748e+01,  0.66,  0.00
GC_PYXIS:      *, *, 136.9908, -37.2214, 3.850e+04, 1.545e+01, 1.512e+01,  0.50,  0.00
GC_NGC_2808:   NGC, 2808, 138.0108, -64.8631, 9.300e+03, 7.034e-01, 2.056e+00,  0.92,  0.57
GC_E_3:        E, 3, 140.2471, -77.2825, 4.200e+03, 2.285e+00, 2.517e+00,  0.50,  0.00
GC_PAL_3:      Pal, 3, 151.3808, 0.0714, 8.940e+04, 1.248e+01, 1.716e+01,  0.50,  0.00
GC_NGC_3201:   NGC, 3201, 154.4033, -46.4111, 5.100e+03, 2.151e+00, 3.976e+00,  0.96,  0.62
GC_PAL_4:      Pal, 4, 172.3200, 28.9736, 9.960e+04, 1.593e+01, 1.565e+01,  0.50,  0.00
GC_NGC_4147:   NGC, 4147, 182.5258, 18.5419, 1.880e+04, 5.469e-01, 2.352e+00,  0.59,  0.42
GC_NGC_4372:   NGC, 4372, 186.4392, -72.6592, 4.900e+03, 2.494e+00, 5.559e+00,  1.10,  0.72
GC_RUP_106:    Rup, 106, 189.6675, -51.1503, 2.060e+04, 5.992e+00, 6.592e+00,  0.50,  0.00
GC_NGC_4590:   NGC, 4590, 189.8667, -26.7428, 1.010e+04, 2.027e+00, 4.554e+00,  0.63,  0.46
GC_NGC_4833:   NGC, 4833, 194.8958, -70.8747, 5.900e+03, 1.716e+00, 4.136e+00,  0.93,  0.63
GC_NGC_5024:   NGC, 5024, 198.2304, 18.1692, 1.840e+04, 1.980e+00, 5.941e+00,  0.64,  0.45
GC_NGC_5053:   NGC, 5053, 199.1125, 17.6981, 1.620e+04, 1.060e+01, 1.649e+01,  0.65,  0.00
GC_NGC_5139:   NGC, 5139, 201.6912, -47.4769, 5.100e+03, 3.828e+00, 6.201e+00,  0.78,  0.51
GC_NGC_5272:   NGC, 5272, 205.5467, 28.3756, 1.000e+04, 1.454e+00, 3.258e+00,  0.69,  0.00
GC_NGC_5286:   NGC, 5286, 206.6104, -51.3733, 1.070e+04, 9.026e-01, 2.148e+00,  0.88,  0.58
GC_AM_4:       AM, 4, 208.9588, -27.1728, 2.920e+04, 3.567e+00, 3.567e+00,  0.50,  0.00
GC_NGC_5466:   NGC, 5466, 211.3638, 28.5344, 1.660e+04, 9.464e+00, 1.086e+01,  0.67,  0.00
GC_NGC_5634:   NGC, 5634, 217.4054, -5.9764, 2.530e+04, 1.545e+00, 3.974e+00,  0.67,  0.44
GC_NGC_5694:   NGC, 5694, 219.9021, -26.5383, 3.390e+04, 5.917e-01, 3.254e+00,  0.69,  0.48
GC_IC_4499:    IC, 4499, 225.0771, -82.2136, 1.840e+04, 5.138e+00, 8.029e+00,  0.91,  0.00
GC_NGC_5824:   NGC, 5824, 225.9938, -33.0678, 3.130e+04, 4.552e-01, 3.278e+00,  0.75,  0.51
GC_PAL_5:      Pal, 5, 229.0221, -0.1114, 2.260e+04, 1.906e+01, 1.946e+01,  0.50,  0.00
GC_NGC_5897:   NGC, 5897, 229.3521, -21.0103, 1.270e+04, 7.241e+00, 7.795e+00,  0.74,  0.50
GC_NGC_5904:   NGC, 5904, 229.6408, 2.0828, 7.300e+03, 8.494e-01, 4.481e+00,  0.72,  0.45
GC_NGC_5927:   NGC, 5927, 232.0021, -50.6728, 7.400e+03, 9.041e-01, 2.475e+00,  1.31,  0.79
GC_NGC_5946:   NGC, 5946, 233.8688, -50.6594, 1.230e+04, 2.862e-01, 2.469e+00,  1.29,  0.77
GC_NGC_5986:   NGC, 5986, 236.5146, -37.7861, 1.030e+04, 1.888e+00, 3.146e+00,  0.90,  0.58
GC_PAL_14:     Pal, 14, 242.7704, 14.9581, 7.220e+04, 2.310e+01, 2.415e+01,  0.50,  0.00
GC_NGC_6093:   NGC, 6093, 244.2604, -22.9750, 8.700e+03, 3.796e-01, 1.645e+00,  0.84,  0.56
GC_NGC_6121:   NGC, 6121, 245.8979, -26.5253, 2.200e+03, 5.312e-01, 2.336e+00,  1.03,  0.69
GC_NGC_6101:   NGC, 6101, 246.4525, -72.2017, 1.510e+04, 5.051e+00, 7.511e+00,  0.68,  0.50
GC_NGC_6144:   NGC, 6144, 246.8088, -26.0247, 1.010e+04, 2.762e+00, 4.760e+00,  0.96,  0.60
GC_NGC_6139:   NGC, 6139, 246.9183, -38.8489, 1.050e+04, 4.276e-01, 2.505e+00,  1.40,  0.91
GC_TERZAN_3:   Terzan, 3, 247.1671, -35.3536, 2.640e+04, 9.062e+00, 9.983e+00,  0.50,  0.00
GC_NGC_6171:   NGC, 6171, 248.1329, -13.0536, 6.300e+03, 9.896e-01, 4.948e+00,  1.10,  0.72
GC_NGC_6205:   NGC, 6205, 250.4229, 36.4603, 7.000e+03, 1.792e+00, 3.034e+00,  0.68,  0.00
GC_NGC_6229:   NGC, 6229, 251.7454, 47.5278, 2.930e+04, 1.108e+00, 3.154e+00,  0.70,  0.00
GC_NGC_6218:   NGC, 6218, 251.8104, -1.9478, 4.700e+03, 9.023e-01, 2.953e+00,  0.83,  0.56
GC_NGC_6235:   NGC, 6235, 253.3558, -22.1772, 9.700e+03, 1.016e+00, 2.370e+00,  1.05,  0.66
GC_NGC_6254:   NGC, 6254, 254.2871, -4.0994, 4.300e+03, 1.076e+00, 2.264e+00,  0.90,  0.53
GC_NGC_6256:   NGC, 6256, 254.8858, -37.1214, 9.300e+03, 5.411e-02, 2.299e+00,  1.69,  0.00
GC_PAL_15:     Pal, 15, 255.0100, -0.5419, 4.360e+04, 1.535e+01, 1.535e+01,  0.50,  0.00
GC_NGC_6266:   NGC, 6266, 255.3025, -30.1122, 6.700e+03, 3.508e-01, 2.397e+00,  1.19,  0.74
GC_NGC_6273:   NGC, 6273, 255.6571, -26.2681, 8.500e+03, 1.063e+00, 3.091e+00,  1.03,  0.66
GC_NGC_6284:   NGC, 6284, 256.1200, -24.7647, 1.430e+04, 2.912e-01, 3.245e+00,  0.99,  0.65
GC_NGC_6287:   NGC, 6287, 256.2892, -22.7081, 8.400e+03, 6.353e-01, 1.833e+00,  1.20,  0.83
GC_NGC_6293:   NGC, 6293, 257.5433, -26.5817, 8.800e+03, 1.280e-01, 2.329e+00,  0.96,  0.63
GC_NGC_6304:   NGC, 6304, 258.6354, -29.4622, 6.000e+03, 3.665e-01, 2.461e+00,  1.31,  0.77
GC_NGC_6316:   NGC, 6316, 259.1558, -28.1400, 1.150e+04, 5.687e-01, 2.375e+00,  1.39,  0.85
GC_NGC_6341:   NGC, 6341, 259.2804, 43.1364, 8.100e+03, 5.419e-01, 2.568e+00,  0.63,  0.00
GC_NGC_6325:   NGC, 6325, 259.4967, -23.7658, 9.400e+03, 8.203e-02, 2.570e+00,  1.66,  0.00
GC_NGC_6333:   NGC, 6333, 259.7992, -18.5164, 8.300e+03, 1.400e+00, 2.294e+00,  0.97,  0.63
GC_NGC_6342:   NGC, 6342, 260.2925, -19.5872, 9.100e+03, 1.324e-01, 2.329e+00,  1.26,  0.80
GC_NGC_6356:   NGC, 6356, 260.8958, -17.8131, 1.460e+04, 9.768e-01, 3.143e+00,  1.13,  0.69
GC_NGC_6355:   NGC, 6355, 260.9942, -26.3536, 7.100e+03, 1.033e-01, 1.797e+00,  1.48,  0.93
GC_NGC_6352:   NGC, 6352, 261.3717, -48.4228, 5.600e+03, 1.352e+00, 3.258e+00,  1.06,  0.66
GC_TERZAN_2:   Terzan, 2, 261.8892, -30.8022, 9.500e+03, 8.290e-02, 4.200e+00,  0.50,  0.00
GC_NGC_6366:   NGC, 6366, 261.9346, -5.0767, 3.600e+03, 1.916e+00, 2.754e+00,  1.44,  0.00
GC_HP_1:       HP, 1, 262.7717, -29.9817, 7.200e+03, 6.283e-02, 6.493e+00,  0.50,  0.00
GC_NGC_6362:   NGC, 6362, 262.9783, -67.0481, 7.500e+03, 2.880e+00, 4.756e+00,  0.85,  0.56
GC_LILLER_1:   Liller, 1, 263.3521, -33.3889, 1.050e+04, 1.833e-01, 1.374e+00,  0.50,  0.00
GC_TERZAN_1:   Terzan, 1, 263.9492, -30.4697, 6.500e+03, 7.563e-02, 7.223e+00,  0.50,  0.00
GC_TON_2:      Ton, 2, 264.0437, -38.5533, 7.900e+03, 1.241e+00, 2.482e+00,  0.50,  0.00
GC_NGC_6388:   NGC, 6388, 264.0708, -44.7350, 1.150e+04, 4.014e-01, 2.241e+00,  1.17,  0.71
GC_NGC_6402:   NGC, 6402, 264.4004, -3.2458, 8.700e+03, 2.101e+00, 3.265e+00,  1.25,  0.81
GC_NGC_6401:   NGC, 6401, 264.6538, -23.9089, 7.500e+03, 5.454e-01, 4.167e+00,  1.58,  1.02
GC_NGC_6397:   NGC, 6397, 265.1721, -53.6736, 2.200e+03, 3.200e-02, 1.491e+00,  0.73,  0.49
GC_PAL_6:      Pal, 6, 265.9258, -26.2225, 6.700e+03, 1.286e+00, 2.066e+00,  2.83,  0.00
GC_NGC_6426:   NGC, 6426, 266.2279, 3.1703, 1.990e+04, 1.505e+00, 5.557e+00,  1.02,  0.00
GC_DJORG_1:    Djorg, 1, 266.8679, -33.0656, 9.200e+03, 1.338e+00, 3.372e+00,  0.50,  0.00
GC_TERZAN_5:   Terzan, 5, 267.0204, -24.8125, 8.000e+03, 4.189e-01, 1.931e+00,  2.77,  0.00
GC_NGC_6440:   NGC, 6440, 267.2192, -20.3594, 8.000e+03, 3.025e-01, 1.350e+00,  1.97,  1.24
GC_NGC_6441:   NGC, 6441, 267.5537, -37.0511, 9.700e+03, 3.104e-01, 1.806e+00,  1.27,  0.79
GC_TERZAN_6:   Terzan, 6, 267.6933, -31.2753, 7.500e+03, 1.091e-01, 9.599e-01,  0.50,  0.00
GC_NGC_6453:   NGC, 6453, 267.7158, -34.5986, 1.090e+04, 2.219e-01, 1.173e+00,  1.31,  0.99
GC_UKS_1:      UKS, 1, 268.6133, -24.1453, 7.500e+03, 3.272e-01, 1.876e+00,  0.50,  0.00
GC_NGC_6496:   NGC, 6496, 269.7583, -44.2650, 1.160e+04, 3.543e+00, 6.310e+00,  0.98,  0.00
GC_TERZAN_9:   Terzan, 9, 270.4117, -26.8397, 7.800e+03, 6.807e-02, 1.770e+00,  0.50,  0.00
GC_DJORG_2:    Djorg, 2, 270.4546, -27.8258, 1.380e+04, 1.325e+00, 3.332e+00,  0.50,  0.00
GC_NGC_6517:   NGC, 6517, 270.4608, -8.9589, 1.050e+04, 1.833e-01, 1.894e+00,  1.75,  0.00
GC_NGC_6522:   NGC, 6522, 270.8921, -30.0339, 7.000e+03, 1.018e-01, 2.118e+00,  1.21,  0.76
GC_NGC_6535:   NGC, 6535, 270.9613, -0.2969, 6.800e+03, 8.308e-01, 1.523e+00,  0.94,  0.00
GC_NGC_6528:   NGC, 6528, 271.2067, -30.0558, 7.400e+03, 1.937e-01, 9.256e-01,  1.53,  0.90
GC_NGC_6539:   NGC, 6539, 271.2075, -7.5858, 7.900e+03, 1.241e+00, 3.838e+00,  1.83,  0.00
GC_NGC_6540:   NGC, 6540, 271.5358, -27.7653, 3.500e+03, 3.054e-02, 2.443e-01,  0.50,  0.00
GC_NGC_6544:   NGC, 6544, 271.8358, -24.9975, 2.500e+03, 3.636e-02, 1.287e+00,  1.46,  0.98
GC_NGC_6541:   NGC, 6541, 272.0092, -43.7056, 7.400e+03, 6.458e-01, 2.562e+00,  0.76,  0.49
GC_NGC_6553:   NGC, 6553, 272.3150, -25.9078, 4.700e+03, 7.519e-01, 2.119e+00,  1.73,  1.01
GC_NGC_6558:   NGC, 6558, 272.5767, -31.7636, 6.400e+03, 5.585e-02, 2.997e+00,  1.11,  0.71
GC_IC_1276:    IC, 1276, 272.6842, -7.2075, 9.300e+03, 2.922e+00, 6.357e+00,  1.76,  0.00
GC_NGC_6569:   NGC, 6569, 273.4121, -31.8264, 8.500e+03, 9.148e-01, 3.288e+00,  1.34,  0.83
GC_NGC_6584:   NGC, 6584, 274.6571, -52.2150, 1.300e+04, 2.231e+00, 3.025e+00,  0.76,  0.50
GC_NGC_6624:   NGC, 6624, 275.9187, -30.3611, 7.900e+03, 1.379e-01, 1.884e+00,  1.11,  0.67
GC_NGC_6626:   NGC, 6626, 276.1371, -24.8700, 5.700e+03, 3.979e-01, 2.587e+00,  1.08,  0.69
GC_NGC_6638:   NGC, 6638, 277.7342, -25.4964, 8.200e+03, 6.202e-01, 1.574e+00,  1.15,  0.72
GC_NGC_6637:   NGC, 6637, 277.8467, -32.3481, 8.200e+03, 8.110e-01, 1.980e+00,  1.01,  0.62
GC_NGC_6642:   NGC, 6642, 277.9762, -23.4764, 7.600e+03, 2.211e-01, 1.614e+00,  1.11,  0.72
GC_NGC_6652:   NGC, 6652, 278.9404, -32.9903, 9.400e+03, 1.914e-01, 1.777e+00,  0.94,  0.52
GC_NGC_6656:   NGC, 6656, 279.1008, -23.9033, 3.200e+03, 1.322e+00, 3.035e+00,  0.98,  0.68
GC_PAL_8:      Pal, 8, 280.3746, -19.8258, 1.240e+04, 1.443e+00, 2.056e+00,  1.22,  0.00
GC_NGC_6681:   NGC, 6681, 280.8029, -32.2919, 8.700e+03, 7.592e-02, 2.354e+00,  0.72,  0.47
GC_NGC_6712:   NGC, 6712, 283.2679, -8.7061, 6.700e+03, 1.832e+00, 2.670e+00,  1.17,  0.72
GC_NGC_6715:   NGC, 6715, 283.7638, -30.4783, 2.620e+04, 8.383e-01, 3.734e+00,  0.85,  0.53
GC_NGC_6717:   NGC, 6717, 283.7758, -22.7008, 7.100e+03, 1.652e-01, 1.404e+00,  1.00,  0.65
GC_NGC_6723:   NGC, 6723, 284.8883, -36.6317, 8.600e+03, 2.352e+00, 4.028e+00,  0.75,  0.50
GC_NGC_6749:   NGC, 6749, 286.3138, 1.9008, 7.700e+03, 1.725e+00, 2.464e+00,  2.14,  0.00
GC_NGC_6752:   NGC, 6752, 287.7158, -59.9819, 3.900e+03, 1.929e-01, 2.655e+00,  0.66,  0.43
GC_NGC_6760:   NGC, 6760, 287.8004, 1.0306, 7.300e+03, 7.007e-01, 4.629e+00,  1.66,  1.01
GC_NGC_6779:   NGC, 6779, 289.1479, 30.1847, 9.900e+03, 1.066e+00, 3.341e+00,  0.86,  0.00
GC_TERZAN_7:   Terzan, 7, 289.4321, -34.6575, 2.300e+04, 4.081e+00, 6.490e+00,  0.50,  0.00
GC_PAL_10:     Pal, 10, 289.5088, 18.5717, 5.800e+03, 1.367e+00, 1.670e+00,  0.50,  0.00
GC_ARP_2:      Arp, 2, 292.1837, -30.3539, 2.760e+04, 1.277e+01, 1.533e+01,  0.86,  0.00
GC_NGC_6809:   NGC, 6809, 294.9975, -30.9622, 5.300e+03, 4.363e+00, 4.456e+00,  0.72,  0.48
GC_TERZAN_8:   Terzan, 8, 295.4375, -34.0003, 2.540e+04, 7.389e+00, 7.389e+00,  0.50,  0.00
GC_PAL_11:     Pal, 11, 296.3100, -8.0072, 1.260e+04, 7.330e+00, 5.461e+00,  1.27,  0.00
GC_NGC_6838:   NGC, 6838, 298.4421, 18.7783, 3.800e+03, 6.964e-01, 1.824e+00,  1.09,  0.63
GC_NGC_6864:   NGC, 6864, 301.5200, -21.9214, 1.840e+04, 5.352e-01, 2.516e+00,  0.87,  0.55
GC_NGC_6934:   NGC, 6934, 308.5483, 7.4042, 1.520e+04, 1.105e+00, 2.653e+00,  0.77,  0.49
GC_NGC_6981:   NGC, 6981, 313.3662, -12.5369, 1.680e+04, 2.639e+00, 4.300e+00,  0.72,  0.45
GC_NGC_7006:   NGC, 7006, 315.3729, 16.1875, 4.070e+04, 2.841e+00, 4.499e+00,  0.75,  0.00
GC_NGC_7078:   NGC, 7078, 322.4929, 12.1669, 1.020e+04, 2.077e-01, 3.145e+00,  0.68,  0.00
GC_NGC_7089:   NGC, 7089, 323.3721, -0.8231, 1.140e+04, 1.127e+00, 3.084e+00,  0.66,  0.46
GC_NGC_7099:   NGC, 7099, 325.0917, -23.1792, 7.900e+03, 1.379e-01, 2.643e+00,  0.60,  0.41
GC_PAL_12:     Pal, 12, 326.6617, -21.2508, 1.870e+04, 1.088e+00, 6.963e+00,  1.07,  0.00
GC_PAL_13:     Pal, 13, 346.6850, 12.7719, 2.630e+04, 3.672e+00, 3.519e+00,  0.72,  0.00
GC_NGC_7492:   NGC, 7492, 347.1112, -15.6114, 2.520e+04, 6.084e+00, 8.943e+00,  0.42,  0.00
