3.000000000e+000 1.719388e+000
3.100000000e+000 1.545587e+000
3.200000000e+000 1.409352e+000
3.300000000e+000 1.298621e+000
3.400000000e+000 1.206242e+000
3.500000000e+000 1.127639e+000
3.600000000e+000 1.059714e+000
3.700000000e+000 1.000276e+000
3.800000000e+000 9.477224e-001
3.900000000e+000 9.008496e-001
4.000000000e+000 8.587300e-001
4.100000000e+000 8.206360e-001
4.200000000e+000 7.859873e-001
4.300000000e+000 7.543141e-001
4.400000000e+000 7.252314e-001
4.500000000e+000 6.984204e-001
4.600000000e+000 6.736140e-001
4.700000000e+000 6.505869e-001
4.800000000e+000 6.291473e-001
4.900000000e+000 6.091309e-001
5.000000000e+000 5.903958e-001
5.100000000e+000 5.728190e-001
5.200000000e+000 5.562930e-001
5.300000000e+000 5.407238e-001
5.400000000e+000 5.260283e-001
5.500000000e+000 5.121331e-001
5.600000000e+000 4.989729e-001
5.700000000e+000 4.864895e-001
5.800000000e+000 4.746309e-001
5.900000000e+000 4.633502e-001
6.000000000e+000 4.526054e-001
6.100000000e+000 4.423584e-001
6.200000000e+000 4.325746e-001
6.300000000e+000 4.232229e-001
6.400000000e+000 4.142746e-001
6.500000000e+000 4.057039e-001
6.600000000e+000 3.974868e-001
6.700000000e+000 3.896016e-001
6.800000000e+000 3.820283e-001
6.900000000e+000 3.747485e-001
7.000000000e+000 3.677451e-001
7.100000000e+000 3.610025e-001
7.200000000e+000 3.545063e-001
7.300000000e+000 3.482429e-001
7.400000000e+000 3.421999e-001
7.500000000e+000 3.363657e-001
7.600000000e+000 3.307296e-001
7.700000000e+000 3.252816e-001
7.800000000e+000 3.200122e-001
7.900000000e+000 3.149128e-001
8.000000000e+000 3.099751e-001
8.100000000e+000 3.051915e-001
8.200000000e+000 3.005549e-001
8.300000000e+000 2.960584e-001
8.400000000e+000 2.916958e-001
8.500000000e+000 2.874611e-001
8.600000000e+000 2.833488e-001
8.700000000e+000 2.793535e-001
8.800000000e+000 2.754703e-001
8.900000000e+000 2.716945e-001
9.000000000e+000 2.680217e-001
9.100000000e+000 2.644476e-001
9.200000000e+000 2.609684e-001
9.300000000e+000 2.575802e-001
9.400000000e+000 2.542796e-001
9.500000000e+000 2.510631e-001
9.600000000e+000 2.479275e-001
9.700000000e+000 2.448698e-001
9.800000000e+000 2.418871e-001
9.900000000e+000 2.389767e-001
1.000000000e+001 2.361360e-001
1.050000000e+001 2.228941e-001
1.100000000e+001 2.110659e-001
1.150000000e+001 2.004355e-001
1.200000000e+001 1.908290e-001
1.250000000e+001 1.821047e-001
1.300000000e+001 1.741460e-001
1.350000000e+001 1.668560e-001
1.400000000e+001 1.601536e-001
1.450000000e+001 1.539704e-001
1.500000000e+001 1.482481e-001
1.550000000e+001 1.429369e-001
1.600000000e+001 1.379939e-001
1.650000000e+001 1.333821e-001
1.700000000e+001 1.290692e-001
1.750000000e+001 1.250269e-001
1.800000000e+001 1.212306e-001
1.850000000e+001 1.176585e-001
1.900000000e+001 1.142911e-001
1.950000000e+001 1.111114e-001
2.000000000e+001 1.081041e-001
2.050000000e+001 1.052555e-001
2.100000000e+001 1.025533e-001
2.150000000e+001 9.998660e-002
2.200000000e+001 9.754537e-002
2.250000000e+001 9.522064e-002
2.300000000e+001 9.300426e-002
2.350000000e+001 9.088880e-002
2.400000000e+001 8.886753e-002
2.450000000e+001 8.693429e-002
2.500000000e+001 8.508344e-002
2.550000000e+001 8.330983e-002
2.600000000e+001 8.160870e-002
2.650000000e+001 7.997572e-002
2.700000000e+001 7.840685e-002
2.750000000e+001 7.689839e-002
2.800000000e+001 7.544692e-002
2.850000000e+001 7.404926e-002
2.900000000e+001 7.270247e-002
2.950000000e+001 7.140384e-002
3.000000000e+001 7.015080e-002
3.050000000e+001 6.894102e-002
3.100000000e+001 6.777227e-002
3.150000000e+001 6.664252e-002
3.200000000e+001 6.554983e-002
3.250000000e+001 6.449241e-002
3.300000000e+001 6.346858e-002
3.350000000e+001 6.247677e-002
3.400000000e+001 6.151549e-002
3.450000000e+001 6.058336e-002
3.500000000e+001 5.967907e-002
3.550000000e+001 5.880138e-002
3.600000000e+001 5.794915e-002
3.650000000e+001 5.712128e-002
3.700000000e+001 5.631674e-002
3.750000000e+001 5.553456e-002
3.800000000e+001 5.477381e-002
3.850000000e+001 5.403364e-002
3.900000000e+001 5.331320e-002
3.950000000e+001 5.261174e-002
4.000000000e+001 5.192849e-002
4.050000000e+001 5.126277e-002
4.100000000e+001 5.061391e-002
4.150000000e+001 4.998128e-002
4.200000000e+001 4.936427e-002
4.250000000e+001 4.876231e-002
4.300000000e+001 4.817486e-002
4.350000000e+001 4.760140e-002
4.400000000e+001 4.704144e-002
4.450000000e+001 4.649450e-002
4.500000000e+001 4.596013e-002
4.550000000e+001 4.543791e-002
4.600000000e+001 4.492743e-002
4.650000000e+001 4.442830e-002
4.700000000e+001 4.394013e-002
4.750000000e+001 4.346258e-002
4.800000000e+001 4.299530e-002
4.850000000e+001 4.253797e-002
4.900000000e+001 4.209026e-002
4.950000000e+001 4.165188e-002
5.000000000e+001 4.122254e-002
5.050000000e+001 4.080196e-002
5.100000000e+001 4.038988e-002
5.150000000e+001 3.998604e-002
5.200000000e+001 3.959020e-002
5.250000000e+001 3.920212e-002
5.300000000e+001 3.882158e-002
5.350000000e+001 3.844835e-002
5.400000000e+001 3.808224e-002
5.450000000e+001 3.772303e-002
5.500000000e+001 3.737053e-002
5.550000000e+001 3.702457e-002
5.600000000e+001 3.668495e-002
5.650000000e+001 3.635151e-002
5.700000000e+001 3.602407e-002
5.750000000e+001 3.570248e-002
5.800000000e+001 3.538659e-002
5.850000000e+001 3.507623e-002
5.900000000e+001 3.477127e-002
5.950000000e+001 3.447157e-002
6.000000000e+001 3.417700e-002
6.050000000e+001 3.388741e-002
6.100000000e+001 3.360270e-002
6.150000000e+001 3.332272e-002
6.200000000e+001 3.304738e-002
6.250000000e+001 3.277655e-002
6.300000000e+001 3.251012e-002
6.350000000e+001 3.224799e-002
6.400000000e+001 3.199005e-002
6.450000000e+001 3.173621e-002
6.500000000e+001 3.148637e-002
6.550000000e+001 3.124042e-002
6.600000000e+001 3.099829e-002
6.650000000e+001 3.075989e-002
6.700000000e+001 3.052513e-002
6.750000000e+001 3.029392e-002
6.800000000e+001 3.006619e-002
6.850000000e+001 2.984185e-002
6.900000000e+001 2.962084e-002
6.950000000e+001 2.940308e-002
7.000000000e+001 2.918850e-002
7.050000000e+001 2.897703e-002
7.100000000e+001 2.876860e-002
7.150000000e+001 2.856315e-002
7.200000000e+001 2.836062e-002
7.250000000e+001 2.816093e-002
7.300000000e+001 2.796404e-002
7.350000000e+001 2.776988e-002
7.400000000e+001 2.757840e-002
7.450000000e+001 2.738954e-002
7.500000000e+001 2.720325e-002
7.550000000e+001 2.701948e-002
7.600000000e+001 2.683818e-002
7.650000000e+001 2.665929e-002
7.700000000e+001 2.648277e-002
7.750000000e+001 2.630858e-002
7.800000000e+001 2.613666e-002
7.850000000e+001 2.596697e-002
7.900000000e+001 2.579947e-002
7.950000000e+001 2.563412e-002
8.000000000e+001 2.547088e-002
8.050000000e+001 2.530970e-002
8.100000000e+001 2.515055e-002
8.150000000e+001 2.499339e-002
8.200000000e+001 2.483818e-002
8.250000000e+001 2.468488e-002
8.300000000e+001 2.453347e-002
8.350000000e+001 2.438390e-002
8.400000000e+001 2.423615e-002
8.450000000e+001 2.409018e-002
8.500000000e+001 2.394595e-002
8.550000000e+001 2.380344e-002
8.600000000e+001 2.366262e-002
8.650000000e+001 2.352345e-002
8.700000000e+001 2.338591e-002
8.750000000e+001 2.324997e-002
8.800000000e+001 2.311561e-002
8.850000000e+001 2.298278e-002
8.900000000e+001 2.285148e-002
8.950000000e+001 2.272166e-002
9.000000000e+001 2.259331e-002
9.050000000e+001 2.246641e-002
9.100000000e+001 2.234092e-002
9.150000000e+001 2.221683e-002
9.200000000e+001 2.209410e-002
9.250000000e+001 2.197273e-002
9.300000000e+001 2.185268e-002
9.350000000e+001 2.173394e-002
9.400000000e+001 2.161648e-002
9.450000000e+001 2.150028e-002
9.500000000e+001 2.138533e-002
9.550000000e+001 2.127160e-002
9.600000000e+001 2.115907e-002
9.650000000e+001 2.104773e-002
9.700000000e+001 2.093755e-002
9.750000000e+001 2.082852e-002
9.800000000e+001 2.072062e-002
9.850000000e+001 2.061383e-002
9.900000000e+001 2.050813e-002
9.950000000e+001 2.040352e-002
1.000000000e+002 2.029997e-002
