S_STAR_S1:     0.508, 0.496, 120.82, 341.61, 115.3, 0.95, 132, B, 25000
S_STAR_S2:     0.123, 0.880, 135.25, 225.39, 63.56, 2.32, 15.8, B, 25000
S_STAR_S4:     0.298, 0.406, 77.83, 258.11, 316.4, -25.6, 59.5, B, 25000
S_STAR_S5:     0.250, 0.842, 143.7, 109.0, 236.3, -16.4, 45.7, B, 13000
S_STAR_S6:     0.436, 0.886, 86.44, 83.46, 129.5, 63.0, 105, B, 0
S_STAR_S8:     0.411, 0.824, 74.01, 315.90, 345.2, -16.2, 96.1, B, 25000
S_STAR_S9:     0.293, 0.825, 81.00, 147.58, 225.2, -12.2, 58, B, 25000
S_STAR_S12:    0.308, 0.900, 31.61, 240.4, 308.8, -4.37, 62.5, B, 13000
S_STAR_S13:    0.297, 0.490, 25.5, 73.1, 248.2, 4.90, 59.2, B, 13000
S_STAR_S14:    0.256, 0.963, 99.4, 227.74, 339.0, 0.07, 47.3, B, 13000
S_STAR_S17:    0.311, 0.364, 96.44, 188.06, 319.45, -8.0, 63.2, L, 0
S_STAR_S18:    0.265, 0.759, 116.0, 215.2, 151.7, -4.0, 50, E, 0
S_STAR_S19:    0.798, 0.844, 73.58, 342.9, 153.3, 5.1, 260, K, 4000
S_STAR_S21:    0.213, 0.784, 54.8, 252.7, 182.6, 28.1, 35.8, L, 0
S_STAR_S24:    1.060, 0.933, 106.3, 4.2, 291.5, 24.9, 398, L, 0
S_STAR_S27:    0.454, 0.952, 92.91, 191.90, 308.2, 59.7, 112, K, 4000
S_STAR_S29:    0.397, 0.916, 122, 157.2, 343.3, 21, 91, E, 0
S_STAR_S31:    0.298, 0.934, 153.8, 103.0, 314.0, 13.8, 59.4, B, 13000
S_STAR_S33:    0.410, 0.731, 42.9, 82.9, 328.1, -32.1, 96, E, 0
S_STAR_S38:    0.139, 0.802, 166.0, 286.0, 203, 3.0, 18.9, L, 0
S_STAR_S66:    1.210, 0.178, 135.4, 96.8, 106, -218, 486, O, 34000
S_STAR_S67:    1.095, 0.368, 139.9, 106.0, 215.2, -305, 419, O, 34000
S_STAR_S71:    1.061, 0.844, 76.3, 34.6, 331.4, -354, 399, E, 0
S_STAR_S83:    2.785, 0.657, 123.8, 73.6, 197.2, 61, 1700, O, 34000
S_STAR_S87:    1.260, 0.423, 142.7, 109.9, 41.5, -353, 516, O, 0
S_STAR_S96:    1.545, 0.131, 126.8, 115.78, 231.0, -376, 701, O, 0
S_STAR_S97:    2.186, 0.302, 114.6, 107.72, 38, 175, 1180, O, 0
