STAR_KEPLER_427:    288.2546, 43.7049, 1.100e+03,  0.71, 5800.00, 14.42, 0
STAR_WASP_14:       218.2765, 21.8947, 1.600e+02,  0.46, 6475.00,  9.75, 0
STAR_KEPLER_20:     287.6980, 42.3387, 2.900e+02,  0.90, 5466.00, 12.51, 1
STAR_HAT_P_27:      222.7675, 5.9474, 2.040e+02,  0.99, 5190.00, 12.20, 0
STAR_WASP_21:       347.4927, 18.3961, 2.421e+02,  0.54, 5800.00, 11.58, 0
STAR_WASP_103:      249.3149, 7.1834, 4.700e+02, -100.00, 6110.00, 12.10, 0
STAR_KEPLER_62:     283.2127, 45.3499, 3.680e+02,  0.60, 4925.00, 13.80, 1
STAR_KEPLER_516:    295.6088, 38.7357, 7.770e+02,  0.82, 7099.00, 12.12, 1
STAR_KEPLER_435:    292.2873, 43.1972, 2.070e+03,  0.09, 6090.00, 13.91, 0
STAR_M_67_YBP_1194: 132.7534, 11.8147, 8.433e+02,  0.63, 5780.00, 14.60, 0
STAR_WASP_10:       348.9929, 31.4628, 9.009e+01, -100.00, 4675.00, 12.70, 0
STAR_WASP_17:       239.9623, -28.0617, 4.000e+02,  0.24, 6550.00, 11.60, 0
STAR_HAT_P_17:      324.5364, 30.4887, 9.000e+01,  0.83, 5246.00, 10.54, 0
STAR_K2_21:         340.3037, -14.4889, 6.500e+01,  1.29, 4043.00, 12.85, 0
STAR_WASP_75:       342.3857, -10.6755, 2.600e+02,  0.60, 6100.00, 11.45, 0
STAR_WASP_70_A:     315.4770, -13.4333, 2.450e+02,  0.96, 5700.00, 10.79, 0
STAR_WASP_57:       223.8201, -2.0576, 4.550e+02,  0.56, 5600.00, 13.04, 0
STAR_HAT_P_37:      284.2961, 51.2691, 4.110e+02, -0.13, 5500.00, 13.23, 0
STAR_WASP_106:      166.4297, -5.0792, 2.830e+02,  0.83, 6055.00, 11.21, 0
STAR_HAT_P_32:      31.0428, 46.6878, 2.830e+02,  0.35, 6207.00, 11.44, 1
STAR_XO_3:          65.4696, 57.8172, 2.830e+02,  0.40, 6429.00,  9.91, 0
STAR_COROT_9:       280.7867, 6.2041, 4.600e+02,  0.86, 5625.00, 13.69, 0
STAR_K2_3:          172.3350, -1.4548, 4.500e+01,  1.35, 3896.00, 12.17, 0
STAR_KEPLER_37:     284.0596, 44.5181, 6.600e+01,  0.68, 5417.00,  9.77, 0
STAR_WASP_79:       66.3709, -30.6004, 2.400e+02,  0.41, 6600.00, 10.04, 0
STAR_TRAPPIST_1:    346.6220, -5.0413, 1.211e+01, -100.00, 2550.00, 18.79, 0
STAR_WASP_42:       192.9815, -42.0736, 1.600e+02, -100.00, 5200.00, 12.57, 0
STAR_HAT_P_41:      297.3227, 4.6724, 3.440e+02,  0.29, 6390.00, 11.36, 0
STAR_KEPLER_42:     292.2190, 44.6193, 3.870e+01,  1.84, 3068.00, 16.12, 0
STAR_HAT_P_24:      108.8251, 14.2626, 3.960e+02,  0.45, 6373.00, 11.76, 0
STAR_HIP_91258:     279.2215, 61.7025, 4.490e+01,  0.01, 5519.00,  8.65, 0
STAR_HAT_P_29:      33.1312, 51.7788, 3.220e+02,  0.47, 6087.00, 11.83, 0
STAR_GJ_667_C:      259.7452, -34.9968, 7.236e+00,  1.57, 3350.00, 10.22, 0
STAR_COROT_19:      97.0336, -0.1707, 7.700e+02,  0.56, 6090.00, 14.01, 0
STAR_HAT_P_4:       229.9913, 36.2296, 3.135e+02,  0.70, 5860.00, 11.20, 0
STAR_HAT_P_21:      171.2749, 41.0279, 2.540e+02,  1.10, 5588.00, 11.69, 0
STAR_TYC_1422_614_1:154.2778, 19.5583, 7.590e+02,  0.95, 4806.00, 10.19, 0
STAR_KEPLER_428:    290.5817, 40.5772, 7.200e+02,  1.18, 5150.00, 15.40, 1
STAR_KEPLER_1171:   294.9589, 38.5916, 6.150e+02,  0.20, 7044.00, 11.65, 0
STAR_KEPLER_17:     298.3953, 47.8150, 8.000e+02,  0.82, 5781.00, 13.78, 0
STAR_HAT_P_33:      113.1842, 33.8350, 3.870e+02,  0.63, 6446.00, 11.03, 0
STAR_WASP_84:       131.1071, 1.8600, 1.250e+02,  0.81, 5300.00, 10.83, 0
STAR_HAT_P_1:       344.4451, 38.6749, 1.553e+02,  0.60, 5975.00, 10.33, 1
STAR_WASP_22:       52.8180, -23.8197, 3.030e+02,  0.39, 6000.00, 12.00, 0
STAR_WASP_2:        307.7255, 6.4295, 1.658e+02,  1.02, 5200.00, 11.88, 0
STAR_WASP_34:       165.3996, -23.8606, 1.200e+02,  0.77, 5700.00, 10.28, 0
STAR_HAT_P_22:      155.6816, 50.1283, 8.200e+01,  0.86, 5302.00,  9.73, 0
STAR_WASP_28:       353.6161, -1.5801, 4.100e+02,  0.47, 6150.00, 12.03, 0
STAR_COROT_7:       100.9561, -1.0630, 1.499e+02,  0.86, 5275.00, 11.67, 0
STAR_HATS_1:        175.5253, -23.3548, 3.030e+02,  0.69, 5870.00, 12.05, 0
STAR_KEPLER_45:     292.8729, 41.0642, 3.330e+02, -100.00, 3820.00, 16.88, 1
STAR_KEPLER_68:     291.0323, 49.0402, 1.350e+02,  0.65, 5793.00, 10.08, 0
STAR_WASP_78:       63.7563, -22.1164, 5.500e+02,  0.69, 6100.00, 11.96, 0
STAR_TRES_3:        268.0292, 37.5462, 2.451e+02,  0.71, 5650.00, 12.40, 0
STAR_PR_211:        130.5479, 19.2770, 1.700e+02,  0.87, 5326.00, 12.15, 0
STAR_HATS_13:       316.9615, -26.0964, 4.760e+02,  0.80, 5523.00, 13.88, 0
STAR_HAT_P_26:      213.1564, 4.0600, 1.340e+02,  0.89, 5079.00, 11.74, 0
STAR_COROT_11:      280.6873, 5.9377, 5.590e+02,  0.93, 6440.00, 12.80, 0
STAR_WASP_37:       221.9440, 1.0649, 3.430e+02,  0.60, 5800.00, 12.70, 0
STAR_HAT_P_40:      335.5129, 45.4573, 5.010e+02,  0.85, 6080.00, 11.34, 0
STAR_KELT_6:        195.9819, 30.6400, 2.220e+02,  0.49, 6102.00, 10.34, 0
STAR_WASP_13:       140.1029, 33.8824, 1.550e+02,  0.89, 5950.00, 10.42, 0
STAR_HAT_P_18:      256.3465, 33.0125, 1.660e+02, -100.00, 4803.00, 12.76, 0
STAR_WASP_43:       154.9084, -9.8063, 8.000e+01,  1.00, 4400.00, 12.40, 0
STAR_COROT_3:       292.0553, 0.1218, 8.333e+02,  0.91, 6740.00, 13.29, 0
STAR_HAT_P_38:      35.3830, 32.2463, 2.493e+02,  0.54, 5330.00, 12.60, 0
STAR_COROT_18:      98.1724, -0.0316, 8.700e+02,  0.79, 5440.00, 15.00, 0
STAR_GJ_1214:       258.8289, 4.9638, 1.295e+01,  1.73, 3026.00, 15.10, 0
STAR_HAT_P_25:      48.4354, 25.1974, 2.970e+02,  0.97, 5500.00, 13.15, 0
STAR_HAT_P_45:      274.3732, -3.3810, 3.050e+02,  0.91, 6330.00, 12.79, 0
STAR_WASP_47:       331.2030, -12.0186, 2.000e+02, -100.00, 5576.00, 11.90, 0
STAR_HAT_P_7:       292.2473, 47.9695, 3.200e+02,  0.44, 6389.00, 10.46, 1
STAR_WASP_38:       243.9598, 10.0326, 1.100e+02,  0.48, 6180.00,  9.48, 0
STAR_WASP_69:       315.0258, -5.0945, 5.000e+01,  1.06, 4700.00,  9.87, 0
STAR_WASP_83:       190.1521, -19.2843, 3.000e+02, -0.11, 5480.00, 12.90, 0
STAR_HAT_P_5:       274.4054, 36.6213, 3.413e+02,  0.97, 5960.00, 12.00, 0
STAR_TRES_1:        286.0410, 36.6326, 1.522e+02,  0.78, 5230.00, 11.76, 0
STAR_COROT_10:      291.0638, 0.7461, 3.449e+02,  1.46, 5075.00, 15.22, 0
STAR_WASP_62:       87.1400, -63.9884, 1.600e+02,  0.52, 6230.00, 10.21, 0
STAR_WASP_11:       47.3689, 30.6735, 1.217e+02,  1.00, 4800.00, 11.89, 0
STAR_NGC_2423_3:    114.2885, -13.9066, 7.660e+02,  1.21, 4545.00, 10.04, 0
STAR_COROT_14:      103.4242, -5.5360, 1.340e+03,  0.86, 6035.00, 16.03, 0
STAR_HAT_P_19:      9.5167, 34.7115, 2.150e+02, -100.00, 4990.00, 12.90, 0
STAR_XO_2:          117.0269, 50.2258, 1.481e+02,  0.82, 5340.00, 11.18, 1
STAR_WASP_63:       94.3364, -38.3233, 3.300e+02,  0.59, 5550.00, 11.15, 0
STAR_HAT_P_16:      9.5732, 42.4631, 2.350e+02,  0.47, 6158.00, 10.81, 0
STAR_TRES_4:        268.3044, 37.2117, 4.854e+02,  0.52, 6200.00, 11.59, 0
STAR_NGC_4349_127:  186.1478, -61.8199, 2.200e+03,  1.46, 4445.00, 10.83, 0
STAR_KEPLER_433:    297.5936, 40.9772, 1.870e+03,  0.73, 6340.00, 14.35, 0
STAR_KEPLER_426:    289.4346, 49.4734, 8.800e+02,  0.66, 5725.00, 15.07, 0
STAR_WASP_20:       5.1605, -23.9357, 2.100e+02,  0.49, 5950.00, 10.68, 0
STAR_KEPLER_154:    289.7805, 49.8965, 0.000e+00,  0.54, 5690.00, 14.57, 0
STAR_HATS_4:        94.1121, -22.5467, 4.200e+02,  0.81, 5403.00, 13.45, 0
STAR_KEPLER_1115:   294.9918, 40.1444, 9.350e+02,  0.20, 8480.00, 11.70, 0
STAR_WASP_49:       91.0895, -16.9653, 1.700e+02,  0.58, 5600.00, 11.35, 0
STAR_WASP_41:       190.6187, -30.6399, 1.800e+02,  0.73, 5545.00, 11.63, 0
STAR_COROT_28:      278.6884, 5.5738, 5.600e+02,  1.22, 5150.00, 13.78, 0
STAR_KELT_3:        148.6433, 40.3880, 1.780e+02,  0.48, 6304.00,  9.82, 0
STAR_HAT_P_46:      270.4442, -2.9709, 2.960e+02,  0.96, 6120.00, 11.94, 0
STAR_KEPLER_1517:   287.8072, 43.1888, 8.690e+02,  0.48, 7010.00, 12.23, 0
STAR_HAT_P_13:      129.8826, 47.3520, 2.020e+02,  0.73, 5653.00, 10.62, 0
STAR_KEPLER_448:    297.4537, 41.0108, 4.260e+02,  0.22, 6820.00, 11.51, 1
STAR_GJ_3634:       164.6464, -31.1439, 1.978e+01,  2.45,  0.00, 11.95, 0
STAR_COROT_29:      278.9021, 6.4797, 7.650e+02,  1.14, 5260.00, 15.56, 0
STAR_KEPLER_14:     287.7088, 47.3330, 9.800e+02,  0.24, 6395.00, 12.00, 1
STAR_COROT_13:      102.7211, -5.0864, 1.311e+03,  0.74, 5945.00, 15.04, 0
STAR_HAT_P_34:      303.1954, 18.1048, 2.570e+02,  0.41, 6442.00, 10.16, 0
STAR_HAT_P_30:      123.9499, 5.8368, 1.930e+02,  0.45, 6304.00, 10.42, 0
STAR_HAT_P_28:      13.0008, 34.7284, 3.950e+02,  0.37, 5680.00, 13.03, 0
STAR_WASP_58:       274.7010, 45.1720, 3.000e+02,  0.67, 5800.00, 11.66, 0
STAR_HATS_5:        67.2228, -21.4819, 2.570e+02,  0.81, 5304.00, 12.63, 0
STAR_HAT_P_31:      271.5377, 26.4266, 3.540e+02,  0.35, 6065.00, 11.66, 0
STAR_OGLE_TR_113:   163.1017, -61.4468, 6.000e+02, -100.00, 4790.00, 16.08, 0
STAR_KEPLER_41:     294.5132, 45.9816, 7.299e+02, -100.00, 5660.00, 14.50, 0
STAR_HAT_P_57:      274.7434, 10.5972, 3.030e+02,  0.32, 7500.00, 10.64, 1
STAR_WASP_77_A:     37.1551, -7.0607, 9.300e+01,  0.78, 5500.00, 10.29, 1
STAR_WASP_8:        359.9003, -35.0313, 8.700e+01,  0.73, 5600.00,  9.79, 1
STAR_KEPLER_40:     296.8137, 47.5265, 2.700e+03,  0.14, 6510.00, 14.76, 0
STAR_HAT_P_39:      113.7582, 17.8301, 6.420e+02, -100.00, 6430.00, 12.42, 0
STAR_WASP_26:       4.6029, -15.2673, 2.500e+02,  0.32, 5059.00, 11.30, 0
STAR_WASP_71:       29.2634, 0.7588, 2.000e+02,  0.79, 6050.00, 10.56, 0
STAR_OGLE_TR_56:    269.1480, -29.5392, 1.500e+03, -100.00, 6050.00, 16.56, 0
STAR_WASP_82:       72.6607, 1.8939, 2.000e+02,  0.42, 6480.00, 10.10, 0
STAR_BD__20_2457:   154.1869, 19.8914, 4.246e+02,  1.25, 4259.00,  9.75, 0
STAR_HAT_P_9:       110.1687, 37.1406, 4.808e+02,  0.50, 6350.00, 12.34, 0
STAR_KEPLER_410_A:  283.1507, 45.1398, 1.320e+02,  0.45,  0.00,  9.50, 0
STAR_HD_95872:      165.8670, -22.0940, 7.560e+00,  0.89, 5312.00,  9.89, 0
STAR_WASP_60:       356.6666, 31.1559, 4.000e+02,  0.68, 5900.00, 12.18, 0
STAR_HAT_P_54:      99.8980, 25.4825, 1.358e+02,  1.33, 4390.00, 13.51, 0
STAR_HAT_P_15:      66.2481, 39.4606, 1.901e+02,  0.61, 5568.00, 12.16, 0
STAR_WASP_61:       75.2997, -26.0541, 4.800e+02,  0.34, 6250.00, 12.49, 0
STAR_COROT_17:      278.6992, -6.6122, 9.200e+02,  1.50, 5740.00, 15.46, 0
STAR_WASP_31:       169.4390, -19.0548, 4.000e+02,  0.31, 6302.00, 11.70, 1
STAR_WASP_36:       131.5804, -8.0269, 4.500e+02,  0.40, 5881.00, 12.70, 0
STAR_HAT_P_6:       354.7742, 42.4660, 2.611e+02,  0.67, 6570.00, 10.44, 0
STAR_QATAR_1:       303.3817, 65.1621, 1.750e+02,  1.06, 4861.00, 12.84, 0
STAR_KEPLER_462:    299.8212, 43.8143, 7.330e+02,  0.32, 7070.00, 11.63, 0
STAR_M_67_SAND_364: 132.4867, 11.6925, 8.433e+02,  1.36, 4284.00,  9.80, 0
STAR_KEPLER_12:     286.2434, 50.0403, 6.000e+02,  0.16, 5947.00, 13.80, 0
STAR_HAT_P_36:      188.2663, 44.9153, 3.170e+02,  0.82, 5560.00, 12.26, 0
STAR_COROT_22:      280.6671, 6.2189, 5.920e+02,  0.80, 5939.00, 13.94, 0
STAR_WTS_1:         293.9932, 36.2903, 3.200e+03,  0.50, 6250.00, 16.13, 0
STAR_XO_1:          240.5493, 28.1696, 1.718e+02,  0.69, 5750.00, 11.19, 0
STAR_KEPLER_63:     289.2262, 49.5482, 2.000e+02,  0.34, 5576.00, 12.02, 0
STAR_KEPLER_74:     293.0925, 41.3555, 1.330e+03,  0.27, 6050.00, 14.23, 1
STAR_M_67_YBP_1514: 132.7532, 11.8865, 8.433e+02,  0.68, 5725.00, 14.77, 0
STAR_WASP_55:       203.7581, -17.5035, 3.300e+02,  0.94, 5900.00, 11.75, 0
STAR_WASP_3:        278.6318, 35.6615, 2.200e+02,  0.37, 6400.00, 10.64, 1
STAR_TRES_5:        305.2219, 59.4488, 3.600e+02,  0.93, 5171.00, 13.72, 0
STAR_HAT_P_23:      306.1239, 16.7621, 3.930e+02,  1.11, 5905.00, 11.94, 0
STAR_WASP_64:       101.1150, -32.8584, 3.500e+02, -100.00, 5550.00, 12.29, 0
STAR_WASP_74:       304.5388, -1.0757, 1.200e+02,  0.64, 5990.00,  9.70, 0
STAR_K2_25:         63.2734, 15.2478, 4.570e+01,  0.25, 3180.00, 15.56, 0
STAR_COROT_23:      279.7827, 4.3578, 6.000e+02,  1.33, 5900.00, 16.96, 0
STAR_WASP_39:       217.3267, -3.4445, 2.300e+02,  0.82, 5400.00, 12.11, 0
STAR_WASP_80:       303.1674, -2.1442, 6.000e+01,  0.90, 4145.00, 11.70, 0
STAR_HAT_P_14:      260.1161, 38.2422, 2.049e+02,  0.42, 6600.00,  9.98, 0
STAR_WASP_66:       158.2250, -34.9898, 3.800e+02,  0.40, 6600.00, 11.60, 0
STAR_HD_17092:      41.5921, 49.6531, 1.087e+02,  1.26, 4650.00,  7.74, 0
STAR_WASP_94_A:     313.7831, -34.1355, 1.800e+02,  0.69, 6170.00, 10.10, 1
STAR_WASP_5:        359.3490, -41.2771, 3.000e+02,  0.48, 5880.00, 12.30, 0
STAR_HAT_P_20:      111.9165, 24.3365, 7.000e+01, -100.00, 4595.00, 11.34, 0
STAR_HAT_P_35:      123.2507, 4.7870, 5.350e+02,  1.25, 6096.00, 12.46, 0
STAR_HATS_9:        290.8095, -20.1663, 6.220e+02,  0.80, 5366.00, 13.28, 0
STAR_KEPLER_412:    286.1103, 43.6810, 1.056e+03,  0.68, 5750.00, 13.73, 0
STAR_HATS_3:        312.4575, -24.4288, 4.530e+02,  0.02, 6351.00, 12.44, 0
STAR_KEPLER_411:    287.6056, 49.5233, 0.000e+00,  1.15, 4974.00, 12.55, 1
STAR_WASP_4:        353.5628, -42.0614, 3.000e+02,  0.50, 5500.00, 12.50, 0
STAR_HATS_10:       294.3075, -22.2045, 4.960e+02,  0.71, 5880.00, 13.11, 0
STAR_WASP_135:      267.2850, 29.8791, 3.000e+02,  0.97, 5657.00, 13.28, 0
STAR_KEPLER_420:    291.2252, 44.9272, 9.000e+02,  0.96, 5520.00, 14.86, 1
STAR_HATS_14:       316.9615, -26.0964, 5.130e+02,  0.80, 5346.00, 13.88, 0
STAR_COROT_16:      278.5246, -6.0026, 8.400e+02,  1.05, 5650.00, 15.63, 0
STAR_WASP_59:       349.6231, 24.8893, 1.250e+02,  0.92, 4650.00, 13.00, 0
STAR_WASP_54:       205.4543, -0.1281, 2.000e+02,  0.56, 6100.00, 10.42, 0
STAR_HAT_P_8:       343.0411, 35.4471, 2.300e+02,  0.41, 6200.00, 10.36, 0
STAR_KEPLER_425:    290.3580, 40.5677, 6.500e+02,  1.08, 5170.00, 14.97, 0
STAR_XO_4:          110.3882, 58.2681, 2.930e+02,  0.35,  0.00, 10.78, 0
STAR_WASP_56:       183.3663, 23.0556, 2.550e+02,  1.26, 5600.00, 11.48, 0
STAR_HATS_6:        88.1468, -19.0314, 1.484e+02,  1.50, 3724.00, 15.16, 0
STAR_COROT_8:       291.5885, 1.4264, 3.802e+02,  1.30, 5080.00, 14.80, 0
STAR_COROT_20:      97.7204, 0.2269, 1.230e+03,  0.65, 5880.00, 15.31, 0
STAR_COROT_25:      279.7505, 6.9698, 1.000e+03,  0.84, 6040.00, 14.96, 0
STAR_OGLE_TR_132:   162.6447, -61.9572, 1.724e+02, -100.00, 6210.00, 15.72, 0
STAR_PR_201:        130.4326, 20.2269, 1.700e+02,  0.77, 6174.00, 10.33, 0
STAR_WASP_52:       348.4948, 8.7613, 1.400e+02,  0.90, 5000.00, 12.00, 0
STAR_HD_240210:     347.6218, 57.0294, 1.429e+02,  1.65, 4290.00,  8.33, 0
STAR_KEPLER_77:     289.6080, 44.3454, 5.700e+02,  0.93, 5520.00, 14.10, 0
STAR_WASP_50:       43.6881, -10.8981, 2.300e+02,  0.99, 5400.00, 11.60, 0
STAR_HAT_P_44:      213.1440, 47.0147, 3.630e+02, -0.01, 5295.00, 13.21, 0
STAR_TRES_2:        286.8085, 49.3164, 2.128e+02,  0.62, 5850.00, 11.41, 1
STAR_WASP_7:        311.0426, -39.2252, 1.400e+02,  0.42, 6400.00,  9.54, 0
STAR_BD__10_3166:   164.6199, -10.7704, 8.000e+01,  0.90, 5393.03, 10.08, 0
STAR_GJ_317:        130.2468, -23.4565, 1.510e+01,  1.52,  0.00, 12.00, 0
STAR_COROT_12:      100.7657, -1.2964, 1.150e+03,  0.83, 5675.00, 15.52, 0
STAR_WASP_72:       41.0400, -30.1692, 2.500e+02,  0.64, 6250.00, 10.88, 0
STAR_WASP_67:       295.7438, -19.9496, 2.250e+02,  0.36, 5200.00, 12.54, 0
STAR_COROT_26:      279.7505, 6.9698, 1.670e+03,  1.08, 5590.00, 15.76, 0
STAR_HAT_P_12:      209.3895, 43.4935, 1.425e+02, -0.24, 4650.00, 12.84, 0
STAR_HATS_2:        176.7390, -22.5630, 3.600e+02,  0.02, 5227.00, 13.56, 0
STAR_WASP_29:       357.8795, -39.9067, 7.000e+01,  0.82, 4800.00, 11.30, 0
STAR_HD_171028:     278.0646, 6.9458, 1.099e+02,  0.61, 5671.00,  8.31, 0
STAR_WASP_1:        5.1670, 31.9899, 4.082e+02,  0.20, 6110.00, 11.79, 0
STAR_XO_5:          116.7165, 39.0946, 2.703e+02,  0.84, 5510.00, 12.13, 0
STAR_HAT_P_3:       206.0941, 48.0287, 1.387e+02,  0.67, 5185.00, 11.55, 0
